 11.000000000000000       0.91324292194078205
 12.000000000000000       0.94755174399922337
 13.000000000000000       0.96680711667808439
 14.000000000000000       0.97913185402222669
 15.000000000000000       0.98734797784790762   
 16.000000000000000       0.99285216101049822 
 19.000000000000000       0.99969372741950691
 21.000000000000000       0.99973712136349058
 22.000000000000000       0.99901914341086662   
 23.000000000000000       0.99793357410414341  
 24.000000000000000       0.99654873582511161
 25.000000000000000       0.99491876051776618  
 26.000000000000000       0.99308708105828247 
 27.000000000000000       0.99108891875005511
 30.000000000000000       0.98435974468044540
 35.000000000000000       0.97172714780971792      
 40.000000000000000       0.95839250331485493 
 50.000000000000000       0.93178825096020224  
 60.000000000000000       0.90657317342811627  
 80.000000000000000       0.86155003038833877 
 100.00000000000000       0.82308530993345630 
 200.00000000000000       0.69156820028700305
 300.00000000000000       0.61144332845513039 
 400.00000000000000       0.55526771415829590 
 500.00000000000000       0.51272751080278878  
 800.00000000000000       0.42763137685191471     
 1000.0000000000000       0.38991467501707722
 1500.0000000000000       0.32644388005462432 
 2000.0000000000000       0.28544481348299261  
 3000.0000000000000       0.23405133949516457
 5000.0000000000000       0.17930746628791289 
 8000.0000000000000       0.13810135374834129  
 10000.000000000000       0.12168028801439672
