 11.000000000000000       0.95514659360818499  
 12.000000000000000       0.97068688676527093
 13.000000000000000       0.98068265707979940
 14.000000000000000       0.98749963109870731  
 15.000000000000000       0.99223331288581573 
 16.000000000000000       0.99550091239113525 
 19.000000000000000       0.99978131663316494 
 21.000000000000000       0.99980992599699625
 22.000000000000000       0.99928693495541121    
 23.000000000000000       0.99849025051988871 
 24.000000000000000       0.99746686063467838
 25.000000000000000       0.99625455178725431 
 26.000000000000000       0.99488406605258661  
 27.000000000000000       0.99338066991286911
 30.000000000000000       0.98826595332101641 
 35.000000000000000       0.97849996001974870     
 40.000000000000000       0.96801369834148732 
 50.000000000000000       0.94667327893804842 
 60.000000000000000       0.92603057030894020   
 80.000000000000000       0.88835164452401716 
 100.00000000000000       0.85544677646618106
 200.00000000000000       0.73876768995058750
 300.00000000000000       0.66481880028882256 
 400.00000000000000       0.61174682371968903 
 500.00000000000000       0.57085125271634252   
 800.00000000000000       0.48717238543999059     
 1000.0000000000000       0.44918303244442553 
 1500.0000000000000       0.38402819142147421
 2000.0000000000000       0.34124839629632209  
 3000.0000000000000       0.28600247618465119
 5000.0000000000000       0.22534870802830409 
 8000.0000000000000       0.17851083584163280  
 10000.000000000000       0.15899423579487318
