   11.000000000000000       0.91718692370867638     
   12.000000000000000       0.93218471822469495     
   13.000000000000000       0.94512518887976538     
   14.000000000000000       0.95635811581497143     
   15.000000000000000       0.96615754661892372     
   16.000000000000000       0.97474163345854570     
   19.000000000000000       0.99480688091938596     
   21.000000000000000        1.0045974917271703     
   22.000000000000000        1.0086695375358807     
   23.000000000000000        1.0122759561628298     
   24.000000000000000        1.0154680580822033     
   25.000000000000000        1.0182901122593200     
   26.000000000000000        1.0207805165042492     
   27.000000000000000        1.0229727410352971     
   30.000000000000000        1.0280362507285048     
   35.000000000000000        1.0326638044728345    
   38.000000000000000        1.0337989261084028     
   39.000000000000000        1.0339671128511831     
   40.000000000000000        1.0340437758816265   
   41.000000000000000        1.0340359560034633   
   42.000000000000000        1.0339500731444513     
   45.000000000000000        1.0332801947904489     
   50.000000000000000        1.0310625498693853     
   60.000000000000000        1.0239178708443784     
   80.000000000000000        1.0046195354400813     
   100.00000000000000       0.98346686736368372     
   200.00000000000000       0.88977117549754070     
   300.00000000000000       0.82065870520649642     
   400.00000000000000       0.76771303723309192     
   500.00000000000000       0.72528528423630834     
   800.00000000000000       0.63449806565016875     
   1000.0000000000000       0.59165848074681326     
   1500.0000000000000       0.51586208691819935     
   2000.0000000000000       0.46447898887130534     
   3000.0000000000000       0.39652634898456302     
   5000.0000000000000       0.31958937388917069     
   8000.0000000000000       0.25803225223558673     
   10000.000000000000       0.23196518271291905     

